USLAM Global Path Log - Started at 20260301_165253_005624, Iteration 0
PATH: [[2.25, 0.15000000596046448, 0.028429956630440678], [2.3499999046325684, 0.25, 0.028429956630440678], [2.450000047683716, 0.3499999940395355, 0.028429956630440678], [2.549999952316284, 0.3499999940395355, 0.028429956630440678], [2.6500000953674316, 0.3499999940395355, 0.028429956630440678], [2.75, 0.3499999940395355, 0.028429956630440678], [2.8499999046325684, 0.3499999940395355, 0.028429956630440678], [2.950000047683716, 0.25, 0.028429956630440678], [3.049999952316284, 0.25, 0.028429956630440678], [3.1500000953674316, 0.25, 0.028429956630440678], [3.25, 0.25, 0.028429956630440678], [3.3499999046325684, 0.25, 0.028429956630440678], [3.450000047683716, 0.25, 0.028429956630440678], [3.549999952316284, 0.25, 0.028429956630440678], [3.6500000953674316, 0.25, 0.028429956630440678], [3.75, 0.25, 0.028429956630440678], [3.8499999046325684, 0.25, 0.028429956630440678], [3.950000047683716, 0.25, 0.028429956630440678], [4.050000190734863, 0.25, 0.028429956630440678], [4.150000095367432, 0.25, 0.028429956630440678], [4.25, 0.25, 0.028429956630440678], [4.349999904632568, 0.25, 0.028429956630440678], [4.449999809265137, 0.25, 0.028429956630440678], [4.550000190734863, 0.25, 0.028429956630440678], [4.650000095367432, 0.25, 0.028429956630440678], [4.75, 0.25, 0.028429956630440678], [4.849999904632568, 0.25, 0.028429956630440678], [4.949999809265137, 0.25, 0.028429956630440678], [5.050000190734863, 0.25, 0.028429956630440678], [5.150000095367432, 0.25, 0.028429956630440678]]

USLAM Global Path Log - Started at 20260301_165258_026314, Iteration 1
PATH: [[3.75, 0.25, -0.017184049871470885], [3.8499999046325684, 0.25, -0.017184049871470885], [3.950000047683716, 0.25, -0.017184049871470885], [4.050000190734863, 0.25, -0.017184049871470885], [4.150000095367432, 0.25, -0.017184049871470885], [4.25, 0.25, -0.017184049871470885], [4.349999904632568, 0.25, -0.017184049871470885], [4.449999809265137, 0.25, -0.017184049871470885], [4.550000190734863, 0.25, -0.017184049871470885], [4.650000095367432, 0.25, -0.017184049871470885], [4.75, 0.25, -0.017184049871470885], [4.849999904632568, 0.25, -0.017184049871470885], [4.949999809265137, 0.25, -0.017184049871470885], [5.050000190734863, 0.25, -0.017184049871470885], [5.150000095367432, 0.25, -0.017184049871470885], [5.25, 0.25, -0.017184049871470885], [5.349999904632568, 0.25, -0.017184049871470885], [5.449999809265137, 0.25, -0.017184049871470885], [5.550000190734863, 0.25, -0.017184049871470885], [5.650000095367432, 0.25, -0.017184049871470885], [5.75, 0.25, -0.017184049871470885], [5.849999904632568, 0.25, -0.017184049871470885], [5.949999809265137, 0.25, -0.017184049871470885], [6.050000190734863, 0.25, -0.017184049871470885], [6.150000095367432, 0.25, -0.017184049871470885], [6.25, 0.25, -0.017184049871470885], [6.349999904632568, 0.25, -0.017184049871470885], [6.449999809265137, 0.25, -0.017184049871470885], [6.550000190734863, 0.25, -0.017184049871470885], [6.650000095367432, 0.25, -0.017184049871470885]]

USLAM Global Path Log - Started at 20260301_165303_037862, Iteration 2
PATH: [[5.449999809265137, 0.3499999940395355, 0.002622039122998755], [5.550000190734863, 0.3499999940395355, 0.002622039122998755], [5.650000095367432, 0.3499999940395355, 0.002622039122998755], [5.75, 0.3499999940395355, 0.002622039122998755], [5.849999904632568, 0.3499999940395355, 0.002622039122998755], [5.949999809265137, 0.3499999940395355, 0.002622039122998755], [6.050000190734863, 0.3499999940395355, 0.002622039122998755], [6.150000095367432, 0.3499999940395355, 0.002622039122998755], [6.25, 0.3499999940395355, 0.002622039122998755], [6.349999904632568, 0.3499999940395355, 0.002622039122998755], [6.449999809265137, 0.3499999940395355, 0.002622039122998755], [6.550000190734863, 0.3499999940395355, 0.002622039122998755], [6.650000095367432, 0.3499999940395355, 0.002622039122998755], [6.75, 0.3499999940395355, 0.002622039122998755], [6.849999904632568, 0.3499999940395355, 0.002622039122998755], [6.949999809265137, 0.3499999940395355, 0.002622039122998755], [7.050000190734863, 0.3499999940395355, 0.002622039122998755], [7.150000095367432, 0.3499999940395355, 0.002622039122998755], [7.25, 0.3499999940395355, 0.002622039122998755], [7.349999904632568, 0.3499999940395355, 0.002622039122998755], [7.449999809265137, 0.3499999940395355, 0.002622039122998755], [7.550000190734863, 0.3499999940395355, 0.002622039122998755], [7.650000095367432, 0.3499999940395355, 0.002622039122998755], [7.75, 0.3499999940395355, 0.002622039122998755], [7.849999904632568, 0.3499999940395355, 0.002622039122998755], [7.949999809265137, 0.3499999940395355, 0.002622039122998755], [8.050000190734863, 0.3499999940395355, 0.002622039122998755], [8.149999618530273, 0.3499999940395355, 0.002622039122998755], [8.25, 0.3499999940395355, 0.002622039122998755], [8.350000381469727, 0.3499999940395355, 0.002622039122998755]]

USLAM Global Path Log - Started at 20260301_165308_090292, Iteration 3
PATH: [[7.25, 0.3499999940395355, 0.0022436110573367065], [7.349999904632568, 0.3499999940395355, 0.0022436110573367065], [7.449999809265137, 0.3499999940395355, 0.0022436110573367065], [7.550000190734863, 0.3499999940395355, 0.0022436110573367065], [7.650000095367432, 0.3499999940395355, 0.0022436110573367065], [7.75, 0.3499999940395355, 0.0022436110573367065], [7.849999904632568, 0.3499999940395355, 0.0022436110573367065], [7.949999809265137, 0.3499999940395355, 0.0022436110573367065], [8.050000190734863, 0.3499999940395355, 0.0022436110573367065], [8.149999618530273, 0.3499999940395355, 0.0022436110573367065], [8.25, 0.3499999940395355, 0.0022436110573367065], [8.350000381469727, 0.3499999940395355, 0.0022436110573367065], [8.449999809265137, 0.3499999940395355, 0.0022436110573367065], [8.550000190734863, 0.3499999940395355, 0.0022436110573367065], [8.649999618530273, 0.3499999940395355, 0.0022436110573367065], [8.75, 0.3499999940395355, 0.0022436110573367065], [8.850000381469727, 0.3499999940395355, 0.0022436110573367065], [8.949999809265137, 0.3499999940395355, 0.0022436110573367065], [9.050000190734863, 0.3499999940395355, 0.0022436110573367065], [9.149999618530273, 0.3499999940395355, 0.0022436110573367065], [9.25, 0.3499999940395355, 0.0022436110573367065], [9.350000381469727, 0.3499999940395355, 0.0022436110573367065], [9.449999809265137, 0.3499999940395355, 0.0022436110573367065], [9.550000190734863, 0.3499999940395355, 0.0022436110573367065], [9.649999618530273, 0.3499999940395355, 0.0022436110573367065], [9.75, 0.3499999940395355, 0.0022436110573367065], [9.850000381469727, 0.3499999940395355, 0.0022436110573367065], [9.949999809265137, 0.3499999940395355, 0.0022436110573367065], [10.050000190734863, 0.3499999940395355, 0.0022436110573367065], [10.149999618530273, 0.3499999940395355, 0.0022436110573367065]]

USLAM Global Path Log - Started at 20260301_165313_186263, Iteration 4
PATH: [[9.050000190734863, 0.3499999940395355, -0.005547859209678041], [9.149999618530273, 0.3499999940395355, -0.005547859209678041], [9.25, 0.3499999940395355, -0.005547859209678041], [9.350000381469727, 0.3499999940395355, -0.005547859209678041], [9.449999809265137, 0.3499999940395355, -0.005547859209678041], [9.550000190734863, 0.3499999940395355, -0.005547859209678041], [9.649999618530273, 0.3499999940395355, -0.005547859209678041], [9.75, 0.3499999940395355, -0.005547859209678041], [9.850000381469727, 0.3499999940395355, -0.005547859209678041], [9.949999809265137, 0.3499999940395355, -0.005547859209678041], [10.050000190734863, 0.3499999940395355, -0.005547859209678041], [10.149999618530273, 0.3499999940395355, -0.005547859209678041], [10.25, 0.3499999940395355, -0.005547859209678041], [10.350000381469727, 0.3499999940395355, -0.005547859209678041], [10.449999809265137, 0.3499999940395355, -0.005547859209678041], [10.550000190734863, 0.3499999940395355, -0.005547859209678041], [10.649999618530273, 0.3499999940395355, -0.005547859209678041], [10.75, 0.3499999940395355, -0.005547859209678041], [10.850000381469727, 0.3499999940395355, -0.005547859209678041], [10.949999809265137, 0.3499999940395355, -0.005547859209678041], [11.050000190734863, 0.3499999940395355, -0.005547859209678041], [11.149999618530273, 0.3499999940395355, -0.005547859209678041], [11.25, 0.3499999940395355, -0.005547859209678041], [11.350000381469727, 0.3499999940395355, -0.005547859209678041], [11.449999809265137, 0.3499999940395355, -0.005547859209678041], [11.550000190734863, 0.3499999940395355, -0.005547859209678041], [11.649999618530273, 0.3499999940395355, -0.005547859209678041], [11.75, 0.3499999940395355, -0.005547859209678041], [11.850000381469727, 0.3499999940395355, -0.005547859209678041], [11.949999809265137, 0.3499999940395355, -0.005547859209678041]]

USLAM Global Path Log - Started at 20260301_165318_235681, Iteration 5
PATH: [[10.850000381469727, 0.3499999940395355, -0.001487325099057527], [10.949999809265137, 0.3499999940395355, -0.001487325099057527], [11.050000190734863, 0.3499999940395355, -0.001487325099057527], [11.149999618530273, 0.3499999940395355, -0.001487325099057527], [11.25, 0.3499999940395355, -0.001487325099057527], [11.350000381469727, 0.3499999940395355, -0.001487325099057527], [11.449999809265137, 0.3499999940395355, -0.001487325099057527], [11.550000190734863, 0.3499999940395355, -0.001487325099057527], [11.649999618530273, 0.3499999940395355, -0.001487325099057527], [11.75, 0.3499999940395355, -0.001487325099057527], [11.850000381469727, 0.3499999940395355, -0.001487325099057527], [11.949999809265137, 0.3499999940395355, -0.001487325099057527], [12.050000190734863, 0.3499999940395355, -0.001487325099057527], [12.149999618530273, 0.3499999940395355, -0.001487325099057527], [12.25, 0.3499999940395355, -0.001487325099057527], [12.350000381469727, 0.3499999940395355, -0.001487325099057527], [12.449999809265137, 0.3499999940395355, -0.001487325099057527], [12.550000190734863, 0.3499999940395355, -0.001487325099057527], [12.649999618530273, 0.3499999940395355, -0.001487325099057527], [12.75, 0.3499999940395355, -0.001487325099057527], [12.850000381469727, 0.3499999940395355, -0.001487325099057527], [12.949999809265137, 0.3499999940395355, -0.001487325099057527], [13.050000190734863, 0.3499999940395355, -0.001487325099057527], [13.149999618530273, 0.3499999940395355, -0.001487325099057527], [13.25, 0.3499999940395355, -0.001487325099057527], [13.350000381469727, 0.3499999940395355, -0.001487325099057527], [13.449999809265137, 0.3499999940395355, -0.001487325099057527], [13.550000190734863, 0.3499999940395355, -0.001487325099057527], [13.649999618530273, 0.3499999940395355, -0.001487325099057527], [13.75, 0.3499999940395355, -0.001487325099057527]]

USLAM Global Path Log - Started at 20260301_165323_244516, Iteration 6
PATH: [[12.25, 0.3499999940395355, -0.0005699837917342621], [12.350000381469727, 0.3499999940395355, -0.0005699837917342621], [12.449999809265137, 0.3499999940395355, -0.0005699837917342621], [12.550000190734863, 0.3499999940395355, -0.0005699837917342621], [12.649999618530273, 0.3499999940395355, -0.0005699837917342621], [12.75, 0.3499999940395355, -0.0005699837917342621], [12.850000381469727, 0.3499999940395355, -0.0005699837917342621], [12.949999809265137, 0.3499999940395355, -0.0005699837917342621], [13.050000190734863, 0.3499999940395355, -0.0005699837917342621], [13.149999618530273, 0.3499999940395355, -0.0005699837917342621], [13.25, 0.3499999940395355, -0.0005699837917342621], [13.350000381469727, 0.3499999940395355, -0.0005699837917342621], [13.449999809265137, 0.3499999940395355, -0.0005699837917342621], [13.550000190734863, 0.3499999940395355, -0.0005699837917342621], [13.649999618530273, 0.3499999940395355, -0.0005699837917342621], [13.75, 0.3499999940395355, -0.0005699837917342621], [13.850000381469727, 0.3499999940395355, -0.0005699837917342621], [13.949999809265137, 0.3499999940395355, -0.0005699837917342621], [14.050000190734863, 0.3499999940395355, -0.0005699837917342621], [14.149999618530273, 0.3499999940395355, -0.0005699837917342621], [14.25, 0.3499999940395355, -0.0005699837917342621], [14.350000381469727, 0.3499999940395355, -0.0005699837917342621], [14.449999809265137, 0.3499999940395355, -0.0005699837917342621], [14.550000190734863, 0.3499999940395355, -0.0005699837917342621], [14.649999618530273, 0.3499999940395355, -0.0005699837917342621], [14.75, 0.3499999940395355, -0.0005699837917342621], [14.850000381469727, 0.3499999940395355, -0.0005699837917342621], [14.949999809265137, 0.3499999940395355, -0.0005699837917342621], [15.050000190734863, 0.3499999940395355, -0.0005699837917342621], [15.149999618530273, 0.3499999940395355, -0.0005699837917342621]]

USLAM Global Path Log - Started at 20260301_165328_926600, Iteration 7
PATH: [[14.449999809265137, 0.3499999940395355, 0.06676824451602972], [14.550000190734863, 0.3499999940395355, 0.06676824451602972], [14.649999618530273, 0.3499999940395355, 0.06676824451602972], [14.75, 0.3499999940395355, 0.06676824451602972], [14.850000381469727, 0.3499999940395355, 0.06676824451602972], [14.949999809265137, 0.3499999940395355, 0.06676824451602972], [15.050000190734863, 0.3499999940395355, 0.06676824451602972], [15.149999618530273, 0.3499999940395355, 0.06676824451602972], [15.25, 0.44999998807907104, 0.06676824451602972], [15.350000381469727, 0.44999998807907104, 0.06676824451602972], [15.449999809265137, 0.44999998807907104, 0.06676824451602972], [15.550000190734863, 0.44999998807907104, 0.06676824451602972], [15.649999618530273, 0.44999998807907104, 0.06676824451602972], [15.75, 0.44999998807907104, 0.06676824451602972], [15.850000381469727, 0.44999998807907104, 0.06676824451602972], [15.949999809265137, 0.44999998807907104, 0.06676824451602972], [16.049999237060547, 0.44999998807907104, 0.06676824451602972], [16.149999618530273, 0.44999998807907104, 0.06676824451602972], [16.25, 0.44999998807907104, 0.06676824451602972], [16.350000381469727, 0.44999998807907104, 0.06676824451602972], [16.450000762939453, 0.44999998807907104, 0.06676824451602972], [16.549999237060547, 0.44999998807907104, 0.06676824451602972], [16.649999618530273, 0.44999998807907104, 0.06676824451602972], [16.75, 0.44999998807907104, 0.06676824451602972], [16.850000381469727, 0.44999998807907104, 0.06676824451602972], [16.950000762939453, 0.44999998807907104, 0.06676824451602972], [17.049999237060547, 0.44999998807907104, 0.06676824451602972], [17.149999618530273, 0.44999998807907104, 0.06676824451602972], [17.25, 0.44999998807907104, 0.06676824451602972], [17.350000381469727, 0.44999998807907104, 0.06676824451602972]]

USLAM Global Path Log - Started at 20260301_165334_592831, Iteration 8
PATH: [[16.450000762939453, 0.550000011920929, 0.014341743749321723], [16.549999237060547, 0.550000011920929, 0.014341743749321723], [16.649999618530273, 0.550000011920929, 0.014341743749321723], [16.75, 0.550000011920929, 0.014341743749321723], [16.850000381469727, 0.550000011920929, 0.014341743749321723], [16.950000762939453, 0.550000011920929, 0.014341743749321723], [17.049999237060547, 0.550000011920929, 0.014341743749321723], [17.149999618530273, 0.550000011920929, 0.014341743749321723], [17.25, 0.550000011920929, 0.014341743749321723], [17.350000381469727, 0.550000011920929, 0.014341743749321723], [17.450000762939453, 0.550000011920929, 0.014341743749321723], [17.549999237060547, 0.550000011920929, 0.014341743749321723], [17.649999618530273, 0.550000011920929, 0.014341743749321723], [17.75, 0.550000011920929, 0.014341743749321723], [17.850000381469727, 0.550000011920929, 0.014341743749321723], [17.950000762939453, 0.550000011920929, 0.014341743749321723], [18.049999237060547, 0.550000011920929, 0.014341743749321723], [18.149999618530273, 0.550000011920929, 0.014341743749321723], [18.25, 0.550000011920929, 0.014341743749321723], [18.350000381469727, 0.550000011920929, 0.014341743749321723], [18.450000762939453, 0.550000011920929, 0.014341743749321723], [18.549999237060547, 0.550000011920929, 0.014341743749321723], [18.649999618530273, 0.550000011920929, 0.014341743749321723], [18.75, 0.550000011920929, 0.014341743749321723], [18.850000381469727, 0.550000011920929, 0.014341743749321723], [18.950000762939453, 0.550000011920929, 0.014341743749321723], [19.049999237060547, 0.550000011920929, 0.014341743749321723], [19.149999618530273, 0.550000011920929, 0.014341743749321723], [19.25, 0.550000011920929, 0.014341743749321723], [19.350000381469727, 0.550000011920929, 0.014341743749321723]]

USLAM Global Path Log - Started at 20260301_165341_131655, Iteration 9
PATH: [[18.75, 0.6499999761581421, 0.005732546574544058], [18.850000381469727, 0.6499999761581421, 0.005732546574544058], [18.950000762939453, 0.6499999761581421, 0.005732546574544058], [19.049999237060547, 0.6499999761581421, 0.005732546574544058], [19.149999618530273, 0.6499999761581421, 0.005732546574544058], [19.25, 0.6499999761581421, 0.005732546574544058], [19.350000381469727, 0.6499999761581421, 0.005732546574544058], [19.450000762939453, 0.6499999761581421, 0.005732546574544058], [19.549999237060547, 0.6499999761581421, 0.005732546574544058], [19.649999618530273, 0.6499999761581421, 0.005732546574544058], [19.75, 0.6499999761581421, 0.005732546574544058], [19.850000381469727, 0.6499999761581421, 0.005732546574544058], [19.950000762939453, 0.6499999761581421, 0.005732546574544058], [20.049999237060547, 0.6499999761581421, 0.005732546574544058], [20.149999618530273, 0.6499999761581421, 0.005732546574544058], [20.25, 0.6499999761581421, 0.005732546574544058], [20.350000381469727, 0.6499999761581421, 0.005732546574544058], [20.450000762939453, 0.6499999761581421, 0.005732546574544058], [20.549999237060547, 0.6499999761581421, 0.005732546574544058], [20.649999618530273, 0.6499999761581421, 0.005732546574544058], [20.75, 0.6499999761581421, 0.005732546574544058], [20.850000381469727, 0.6499999761581421, 0.005732546574544058], [20.950000762939453, 0.6499999761581421, 0.005732546574544058], [21.049999237060547, 0.6499999761581421, 0.005732546574544058], [21.149999618530273, 0.6499999761581421, 0.005732546574544058], [21.25, 0.6499999761581421, 0.005732546574544058], [21.350000381469727, 0.6499999761581421, 0.005732546574544058], [21.450000762939453, 0.6499999761581421, 0.005732546574544058], [21.549999237060547, 0.6499999761581421, 0.005732546574544058], [21.649999618530273, 0.6499999761581421, 0.005732546574544058]]

USLAM Global Path Log - Started at 20260301_165347_751436, Iteration 10
PATH: [[21.25, 0.6499999761581421, 0.0012942644917003834], [21.350000381469727, 0.6499999761581421, 0.0012942644917003834], [21.450000762939453, 0.6499999761581421, 0.0012942644917003834], [21.549999237060547, 0.6499999761581421, 0.0012942644917003834], [21.649999618530273, 0.6499999761581421, 0.0012942644917003834], [21.75, 0.6499999761581421, 0.0012942644917003834], [21.850000381469727, 0.6499999761581421, 0.0012942644917003834], [21.950000762939453, 0.6499999761581421, 0.0012942644917003834], [22.049999237060547, 0.6499999761581421, 0.0012942644917003834], [22.149999618530273, 0.6499999761581421, 0.0012942644917003834], [22.25, 0.6499999761581421, 0.0012942644917003834], [22.350000381469727, 0.6499999761581421, 0.0012942644917003834], [22.450000762939453, 0.6499999761581421, 0.0012942644917003834], [22.549999237060547, 0.6499999761581421, 0.0012942644917003834], [22.649999618530273, 0.6499999761581421, 0.0012942644917003834], [22.75, 0.6499999761581421, 0.0012942644917003834], [22.850000381469727, 0.6499999761581421, 0.0012942644917003834], [22.950000762939453, 0.6499999761581421, 0.0012942644917003834], [23.049999237060547, 0.6499999761581421, 0.0012942644917003834], [23.149999618530273, 0.6499999761581421, 0.0012942644917003834], [23.25, 0.6499999761581421, 0.0012942644917003834], [23.350000381469727, 0.6499999761581421, 0.0012942644917003834], [23.450000762939453, 0.6499999761581421, 0.0012942644917003834], [23.549999237060547, 0.6499999761581421, 0.0012942644917003834], [23.649999618530273, 0.6499999761581421, 0.0012942644917003834], [23.75, 0.6499999761581421, 0.0012942644917003834], [23.850000381469727, 0.6499999761581421, 0.0012942644917003834], [23.950000762939453, 0.6499999761581421, 0.0012942644917003834], [24.049999237060547, 0.6499999761581421, 0.0012942644917003834], [24.149999618530273, 0.6499999761581421, 0.0012942644917003834]]

USLAM Global Path Log - Started at 20260301_165355_171168, Iteration 11
PATH: [[23.850000381469727, 0.75, 0.004510592748616561], [23.950000762939453, 0.75, 0.004510592748616561], [24.049999237060547, 0.75, 0.004510592748616561], [24.149999618530273, 0.75, 0.004510592748616561], [24.25, 0.75, 0.004510592748616561], [24.350000381469727, 0.75, 0.004510592748616561], [24.450000762939453, 0.8500000238418579, 0.004510592748616561], [24.549999237060547, 0.8500000238418579, 0.004510592748616561], [24.649999618530273, 0.8500000238418579, 0.004510592748616561], [24.75, 0.8500000238418579, 0.004510592748616561], [24.850000381469727, 0.8500000238418579, 0.004510592748616561], [24.950000762939453, 0.8500000238418579, 0.004510592748616561], [25.049999237060547, 0.8500000238418579, 0.004510592748616561], [25.149999618530273, 0.8500000238418579, 0.004510592748616561], [25.25, 0.8500000238418579, 0.004510592748616561], [25.350000381469727, 0.8500000238418579, 0.004510592748616561], [25.450000762939453, 0.8500000238418579, 0.004510592748616561], [25.549999237060547, 0.8500000238418579, 0.004510592748616561], [25.649999618530273, 0.8500000238418579, 0.004510592748616561], [25.75, 0.8500000238418579, 0.004510592748616561], [25.850000381469727, 0.8500000238418579, 0.004510592748616561], [25.950000762939453, 0.8500000238418579, 0.004510592748616561], [26.049999237060547, 0.8500000238418579, 0.004510592748616561], [26.149999618530273, 0.8500000238418579, 0.004510592748616561], [26.25, 0.8500000238418579, 0.004510592748616561], [26.350000381469727, 0.8500000238418579, 0.004510592748616561], [26.450000762939453, 0.8500000238418579, 0.004510592748616561], [26.549999237060547, 0.8500000238418579, 0.004510592748616561], [26.649999618530273, 0.8500000238418579, 0.004510592748616561], [26.75, 0.8500000238418579, 0.004510592748616561]]

USLAM Global Path Log - Started at 20260301_165402_936976, Iteration 12
PATH: [[26.75, 0.75, 0.003866941152607724], [26.850000381469727, 0.75, 0.003866941152607724], [26.950000762939453, 0.75, 0.003866941152607724], [27.049999237060547, 0.75, 0.003866941152607724], [27.149999618530273, 0.75, 0.003866941152607724], [27.25, 0.75, 0.003866941152607724], [27.350000381469727, 0.75, 0.003866941152607724], [27.450000762939453, 0.8500000238418579, 0.003866941152607724], [27.549999237060547, 0.8500000238418579, 0.003866941152607724], [27.649999618530273, 0.949999988079071, 0.003866941152607724], [27.75, 0.949999988079071, 0.003866941152607724], [27.850000381469727, 0.949999988079071, 0.003866941152607724], [27.950000762939453, 0.949999988079071, 0.003866941152607724], [28.049999237060547, 0.949999988079071, 0.003866941152607724], [28.149999618530273, 0.949999988079071, 0.003866941152607724], [28.25, 0.949999988079071, 0.003866941152607724], [28.350000381469727, 0.949999988079071, 0.003866941152607724], [28.450000762939453, 0.949999988079071, 0.003866941152607724], [28.549999237060547, 0.949999988079071, 0.003866941152607724], [28.649999618530273, 0.949999988079071, 0.003866941152607724], [28.75, 0.949999988079071, 0.003866941152607724], [28.850000381469727, 0.949999988079071, 0.003866941152607724], [28.950000762939453, 0.949999988079071, 0.003866941152607724], [29.049999237060547, 0.949999988079071, 0.003866941152607724], [29.149999618530273, 0.949999988079071, 0.003866941152607724], [29.25, 0.949999988079071, 0.003866941152607724], [29.350000381469727, 0.949999988079071, 0.003866941152607724], [29.450000762939453, 0.949999988079071, 0.003866941152607724], [29.549999237060547, 0.949999988079071, 0.003866941152607724], [29.649999618530273, 0.949999988079071, 0.003866941152607724]]

USLAM Global Path Log - Started at 20260301_165411_476037, Iteration 13
PATH: [[29.850000381469727, 0.75, 0.011231703155518342], [29.950000762939453, 0.75, 0.011231703155518342], [30.049999237060547, 0.75, 0.011231703155518342], [30.149999618530273, 0.75, 0.011231703155518342], [30.25, 0.75, 0.011231703155518342], [30.350000381469727, 0.75, 0.011231703155518342], [30.450000762939453, 0.8500000238418579, 0.011231703155518342], [30.549999237060547, 0.8500000238418579, 0.011231703155518342], [30.649999618530273, 0.949999988079071, 0.011231703155518342], [30.75, 0.949999988079071, 0.011231703155518342], [30.850000381469727, 0.949999988079071, 0.011231703155518342], [30.950000762939453, 0.949999988079071, 0.011231703155518342], [31.049999237060547, 0.949999988079071, 0.011231703155518342], [31.149999618530273, 1.0499999523162842, 0.011231703155518342], [31.25, 1.0499999523162842, 0.011231703155518342], [31.350000381469727, 1.0499999523162842, 0.011231703155518342], [31.450000762939453, 1.0499999523162842, 0.011231703155518342], [31.549999237060547, 1.0499999523162842, 0.011231703155518342], [31.649999618530273, 1.0499999523162842, 0.011231703155518342], [31.75, 1.0499999523162842, 0.011231703155518342], [31.850000381469727, 1.0499999523162842, 0.011231703155518342], [31.950000762939453, 1.0499999523162842, 0.011231703155518342], [32.04999923706055, 1.0499999523162842, 0.011231703155518342], [32.150001525878906, 1.0499999523162842, 0.011231703155518342], [32.25, 1.0499999523162842, 0.011231703155518342], [32.349998474121094, 1.0499999523162842, 0.011231703155518342], [32.45000076293945, 1.0499999523162842, 0.011231703155518342], [32.54999923706055, 1.0499999523162842, 0.011231703155518342], [32.650001525878906, 1.0499999523162842, 0.011231703155518342], [32.75, 1.0499999523162842, 0.011231703155518342]]

USLAM Global Path Log - Started at 20260301_165420_340399, Iteration 14
PATH: [[32.95000076293945, 1.149999976158142, -0.004453287875581265], [33.04999923706055, 1.149999976158142, -0.004453287875581265], [33.150001525878906, 1.149999976158142, -0.004453287875581265], [33.25, 1.149999976158142, -0.004453287875581265], [33.349998474121094, 1.149999976158142, -0.004453287875581265], [33.45000076293945, 1.149999976158142, -0.004453287875581265], [33.54999923706055, 1.149999976158142, -0.004453287875581265], [33.650001525878906, 1.149999976158142, -0.004453287875581265], [33.75, 1.149999976158142, -0.004453287875581265], [33.849998474121094, 1.149999976158142, -0.004453287875581265], [33.95000076293945, 1.149999976158142, -0.004453287875581265], [34.04999923706055, 1.25, -0.004453287875581265], [34.150001525878906, 1.350000023841858, -0.004453287875581265], [34.25, 1.4500000476837158, -0.004453287875581265], [34.349998474121094, 1.5499999523162842, -0.004453287875581265], [34.45000076293945, 1.649999976158142, -0.004453287875581265], [34.54999923706055, 1.75, -0.004453287875581265], [34.54999923706055, 1.850000023841858, -0.004453287875581265], [34.650001525878906, 1.9500000476837158, -0.004453287875581265], [34.650001525878906, 2.049999952316284, -0.004453287875581265], [34.650001525878906, 2.1500000953674316, -0.004453287875581265], [34.650001525878906, 2.25, -0.004453287875581265], [34.650001525878906, 2.3499999046325684, -0.004453287875581265], [34.650001525878906, 2.450000047683716, -0.004453287875581265], [34.650001525878906, 2.549999952316284, -0.004453287875581265], [34.650001525878906, 2.6500000953674316, -0.004453287875581265], [34.650001525878906, 2.75, -0.004453287875581265], [34.650001525878906, 2.8499999046325684, -0.004453287875581265], [34.650001525878906, 2.950000047683716, -0.004453287875581265], [34.650001525878906, 3.049999952316284, -0.004453287875581265]]

USLAM Global Path Log - Started at 20260301_165429_797436, Iteration 15
PATH: [[34.75, 2.950000047683716, 1.5647924821178274], [34.75, 3.049999952316284, 1.5647924821178274], [34.75, 3.1500000953674316, 1.5647924821178274], [34.75, 3.25, 1.5647924821178274], [34.75, 3.3499999046325684, 1.5647924821178274], [34.75, 3.450000047683716, 1.5647924821178274], [34.75, 3.549999952316284, 1.5647924821178274], [34.75, 3.6500000953674316, 1.5647924821178274], [34.75, 3.75, 1.5647924821178274], [34.75, 3.8499999046325684, 1.5647924821178274], [34.75, 3.950000047683716, 1.5647924821178274], [34.75, 4.050000190734863, 1.5647924821178274], [34.75, 4.150000095367432, 1.5647924821178274], [34.75, 4.25, 1.5647924821178274], [34.75, 4.349999904632568, 1.5647924821178274], [34.75, 4.449999809265137, 1.5647924821178274], [34.75, 4.550000190734863, 1.5647924821178274], [34.75, 4.650000095367432, 1.5647924821178274], [34.75, 4.75, 1.5647924821178274], [34.75, 4.849999904632568, 1.5647924821178274], [34.75, 4.949999809265137, 1.5647924821178274], [34.75, 5.050000190734863, 1.5647924821178274], [34.75, 5.150000095367432, 1.5647924821178274], [34.75, 5.25, 1.5647924821178274], [34.75, 5.349999904632568, 1.5647924821178274], [34.75, 5.449999809265137, 1.5647924821178274], [34.75, 5.550000190734863, 1.5647924821178274], [34.75, 5.650000095367432, 1.5647924821178274], [34.75, 5.75, 1.5647924821178274], [34.75, 5.849999904632568, 1.5647924821178274]]

USLAM Global Path Log - Started at 20260301_165440_315579, Iteration 16
PATH: [[35.150001525878906, 6.050000190734863, 1.769364758318742], [35.150001525878906, 6.150000095367432, 1.769364758318742], [35.150001525878906, 6.25, 1.769364758318742], [35.04999923706055, 6.349999904632568, 1.769364758318742], [34.95000076293945, 6.449999809265137, 1.769364758318742], [34.849998474121094, 6.550000190734863, 1.769364758318742], [34.75, 6.650000095367432, 1.769364758318742], [34.75, 6.75, 1.769364758318742], [34.650001525878906, 6.849999904632568, 1.769364758318742], [34.650001525878906, 6.949999809265137, 1.769364758318742], [34.75, 7.050000190734863, 1.769364758318742], [34.75, 7.150000095367432, 1.769364758318742], [34.75, 7.25, 1.769364758318742], [34.75, 7.349999904632568, 1.769364758318742], [34.75, 7.449999809265137, 1.769364758318742], [34.75, 7.550000190734863, 1.769364758318742], [34.75, 7.650000095367432, 1.769364758318742], [34.75, 7.75, 1.769364758318742], [34.75, 7.849999904632568, 1.769364758318742], [34.75, 7.949999809265137, 1.769364758318742], [34.75, 8.050000190734863, 1.769364758318742], [34.75, 8.149999618530273, 1.769364758318742], [34.75, 8.25, 1.769364758318742], [34.75, 8.350000381469727, 1.769364758318742], [34.75, 8.449999809265137, 1.769364758318742], [34.75, 8.550000190734863, 1.769364758318742], [34.75, 8.649999618530273, 1.769364758318742], [34.75, 8.75, 1.769364758318742], [34.75, 8.850000381469727, 1.769364758318742], [34.75, 8.949999809265137, 1.769364758318742]]

USLAM Global Path Log - Started at 20260301_165450_352901, Iteration 17
PATH: [[34.849998474121094, 9.350000381469727, 1.3769090060657807], [34.849998474121094, 9.449999809265137, 1.3769090060657807], [34.849998474121094, 9.550000190734863, 1.3769090060657807], [34.95000076293945, 9.649999618530273, 1.3769090060657807], [34.95000076293945, 9.75, 1.3769090060657807], [35.04999923706055, 9.850000381469727, 1.3769090060657807], [35.150001525878906, 9.949999809265137, 1.3769090060657807], [35.25, 10.050000190734863, 1.3769090060657807], [35.349998474121094, 10.149999618530273, 1.3769090060657807], [35.45000076293945, 10.25, 1.3769090060657807], [35.54999923706055, 10.350000381469727, 1.3769090060657807], [35.650001525878906, 10.449999809265137, 1.3769090060657807], [35.75, 10.449999809265137, 1.3769090060657807], [35.849998474121094, 10.550000190734863, 1.3769090060657807], [35.95000076293945, 10.649999618530273, 1.3769090060657807], [36.04999923706055, 10.649999618530273, 1.3769090060657807], [36.150001525878906, 10.649999618530273, 1.3769090060657807], [36.25, 10.649999618530273, 1.3769090060657807], [36.349998474121094, 10.649999618530273, 1.3769090060657807], [36.45000076293945, 10.649999618530273, 1.3769090060657807], [36.54999923706055, 10.75, 1.3769090060657807], [36.650001525878906, 10.850000381469727, 1.3769090060657807], [36.75, 10.850000381469727, 1.3769090060657807], [36.849998474121094, 10.949999809265137, 1.3769090060657807], [36.95000076293945, 11.050000190734863, 1.3769090060657807], [37.04999923706055, 11.149999618530273, 1.3769090060657807], [37.150001525878906, 11.149999618530273, 1.3769090060657807], [37.25, 11.149999618530273, 1.3769090060657807], [37.349998474121094, 11.149999618530273, 1.3769090060657807], [37.45000076293945, 11.149999618530273, 1.3769090060657807]]

USLAM Global Path Log - Started at 20260301_165500_998708, Iteration 18
PATH: [[37.75, 10.75, 0.14947812419266954], [37.849998474121094, 10.75, 0.14947812419266954], [37.95000076293945, 10.75, 0.14947812419266954], [38.04999923706055, 10.75, 0.14947812419266954], [38.150001525878906, 10.75, 0.14947812419266954], [38.25, 10.75, 0.14947812419266954], [38.349998474121094, 10.850000381469727, 0.14947812419266954], [38.45000076293945, 10.949999809265137, 0.14947812419266954], [38.54999923706055, 11.050000190734863, 0.14947812419266954], [38.650001525878906, 11.050000190734863, 0.14947812419266954], [38.75, 11.050000190734863, 0.14947812419266954], [38.849998474121094, 11.050000190734863, 0.14947812419266954], [38.95000076293945, 11.050000190734863, 0.14947812419266954], [39.04999923706055, 11.050000190734863, 0.14947812419266954], [39.150001525878906, 11.050000190734863, 0.14947812419266954], [39.25, 11.050000190734863, 0.14947812419266954], [39.349998474121094, 11.050000190734863, 0.14947812419266954], [39.45000076293945, 11.050000190734863, 0.14947812419266954], [39.54999923706055, 11.050000190734863, 0.14947812419266954], [39.650001525878906, 11.050000190734863, 0.14947812419266954], [39.75, 11.050000190734863, 0.14947812419266954], [39.849998474121094, 11.149999618530273, 0.14947812419266954], [39.95000076293945, 11.149999618530273, 0.14947812419266954], [40.04999923706055, 11.149999618530273, 0.14947812419266954], [40.150001525878906, 11.149999618530273, 0.14947812419266954], [40.25, 11.149999618530273, 0.14947812419266954], [40.349998474121094, 11.149999618530273, 0.14947812419266954], [40.45000076293945, 11.149999618530273, 0.14947812419266954], [40.54999923706055, 11.149999618530273, 0.14947812419266954], [40.650001525878906, 11.149999618530273, 0.14947812419266954]]

USLAM Global Path Log - Started at 20260301_165511_694513, Iteration 19
PATH: [[41.150001525878906, 11.149999618530273, -0.0074714083449711425], [41.25, 11.149999618530273, -0.0074714083449711425], [41.349998474121094, 11.149999618530273, -0.0074714083449711425], [41.45000076293945, 11.149999618530273, -0.0074714083449711425], [41.54999923706055, 11.149999618530273, -0.0074714083449711425], [41.650001525878906, 11.149999618530273, -0.0074714083449711425], [41.75, 11.149999618530273, -0.0074714083449711425], [41.849998474121094, 11.25, -0.0074714083449711425], [41.95000076293945, 11.25, -0.0074714083449711425], [42.04999923706055, 11.25, -0.0074714083449711425], [42.150001525878906, 11.25, -0.0074714083449711425], [42.25, 11.25, -0.0074714083449711425], [42.349998474121094, 11.25, -0.0074714083449711425], [42.45000076293945, 11.25, -0.0074714083449711425], [42.54999923706055, 11.25, -0.0074714083449711425], [42.650001525878906, 11.25, -0.0074714083449711425], [42.75, 11.25, -0.0074714083449711425], [42.849998474121094, 11.25, -0.0074714083449711425], [42.95000076293945, 11.25, -0.0074714083449711425], [43.04999923706055, 11.25, -0.0074714083449711425], [43.150001525878906, 11.25, -0.0074714083449711425], [43.25, 11.25, -0.0074714083449711425], [43.349998474121094, 11.25, -0.0074714083449711425], [43.45000076293945, 11.25, -0.0074714083449711425], [43.54999923706055, 11.25, -0.0074714083449711425], [43.650001525878906, 11.25, -0.0074714083449711425], [43.75, 11.25, -0.0074714083449711425], [43.849998474121094, 11.25, -0.0074714083449711425], [43.95000076293945, 11.25, -0.0074714083449711425], [44.04999923706055, 11.25, -0.0074714083449711425]]

USLAM Global Path Log - Started at 20260301_165523_005927, Iteration 20
PATH: [[45.349998474121094, 11.25, 0.012924644907121221], [45.45000076293945, 11.25, 0.012924644907121221], [45.54999923706055, 11.25, 0.012924644907121221], [45.650001525878906, 11.25, 0.012924644907121221], [45.75, 11.25, 0.012924644907121221], [45.849998474121094, 11.25, 0.012924644907121221], [45.95000076293945, 11.350000381469727, 0.012924644907121221], [46.04999923706055, 11.350000381469727, 0.012924644907121221], [46.150001525878906, 11.449999809265137, 0.012924644907121221], [46.25, 11.449999809265137, 0.012924644907121221], [46.349998474121094, 11.449999809265137, 0.012924644907121221], [46.45000076293945, 11.449999809265137, 0.012924644907121221], [46.54999923706055, 11.449999809265137, 0.012924644907121221], [46.650001525878906, 11.449999809265137, 0.012924644907121221], [46.75, 11.449999809265137, 0.012924644907121221], [46.849998474121094, 11.449999809265137, 0.012924644907121221], [46.95000076293945, 11.449999809265137, 0.012924644907121221], [47.04999923706055, 11.449999809265137, 0.012924644907121221], [47.150001525878906, 11.550000190734863, 0.012924644907121221], [47.25, 11.550000190734863, 0.012924644907121221], [47.349998474121094, 11.550000190734863, 0.012924644907121221], [47.45000076293945, 11.550000190734863, 0.012924644907121221], [47.54999923706055, 11.550000190734863, 0.012924644907121221], [47.650001525878906, 11.550000190734863, 0.012924644907121221], [47.75, 11.550000190734863, 0.012924644907121221], [47.849998474121094, 11.550000190734863, 0.012924644907121221], [47.95000076293945, 11.550000190734863, 0.012924644907121221], [48.04999923706055, 11.550000190734863, 0.012924644907121221], [48.150001525878906, 11.550000190734863, 0.012924644907121221], [48.25, 11.550000190734863, 0.012924644907121221]]

USLAM Global Path Log - Started at 20260301_165534_674816, Iteration 21
PATH: [[49.54999923706055, 11.550000190734863, 0.10365394540161921], [49.650001525878906, 11.649999618530273, 0.10365394540161921], [49.75, 11.649999618530273, 0.10365394540161921], [49.849998474121094, 11.649999618530273, 0.10365394540161921], [49.95000076293945, 11.649999618530273, 0.10365394540161921], [50.04999923706055, 11.649999618530273, 0.10365394540161921], [50.150001525878906, 11.649999618530273, 0.10365394540161921], [50.25, 11.649999618530273, 0.10365394540161921], [50.349998474121094, 11.649999618530273, 0.10365394540161921], [50.45000076293945, 11.649999618530273, 0.10365394540161921], [50.54999923706055, 11.649999618530273, 0.10365394540161921], [50.650001525878906, 11.649999618530273, 0.10365394540161921], [50.75, 11.649999618530273, 0.10365394540161921], [50.849998474121094, 11.649999618530273, 0.10365394540161921], [50.95000076293945, 11.649999618530273, 0.10365394540161921], [51.04999923706055, 11.649999618530273, 0.10365394540161921], [51.150001525878906, 11.649999618530273, 0.10365394540161921], [51.25, 11.649999618530273, 0.10365394540161921], [51.349998474121094, 11.649999618530273, 0.10365394540161921], [51.45000076293945, 11.649999618530273, 0.10365394540161921], [51.54999923706055, 11.649999618530273, 0.10365394540161921], [51.650001525878906, 11.649999618530273, 0.10365394540161921], [51.75, 11.649999618530273, 0.10365394540161921], [51.849998474121094, 11.649999618530273, 0.10365394540161921], [51.95000076293945, 11.75, 0.10365394540161921], [52.04999923706055, 11.75, 0.10365394540161921], [52.150001525878906, 11.75, 0.10365394540161921], [52.25, 11.75, 0.10365394540161921], [52.349998474121094, 11.75, 0.10365394540161921], [52.45000076293945, 11.75, 0.10365394540161921]]

USLAM Global Path Log - Started at 20260301_165548_542337, Iteration 22
PATH: [[53.349998474121094, 11.449999809265137, -0.0626310496673311]]

